32383738
24636424
53091371
110083351
45566486
110634142
50936650
46763549
111053659
46173950
17043313
20170404
49088001
44869667
135130272
27239152
6162098
59550807
117236894
34739707
104397217
33346906
132894008
34241197
106991984
108281438
4813478
111348988
6317090
28591349
102009397
61635200
16107175
11440647
41396203
141236210
138076917
106778951
64203264
101214616
34841326
10011993
28254671
4711160
40940335
108142517
116633690
37736729
13642146
64690809
110226274
102011320
125168930
41085817
19573682
125034299
119094432
112945972
121048289
23205661
114940505
40356589
118356849
15535972
62217770
28701587
111197434
102542083
136670739
25465975
60423170
117293267
3718375
115001057
5972339
142159824
27556988
11522967
25090435
52820378
119233992
18477088
59364816
58387920
21567252
27382292
137234166
103218301
13954746
5621102
142208604
5328638
63230177
120929743
62831456
101452387
50936821
107264414
108408752
116122583
25711780
136651758
18681271
122892254
5922326
128760885
24843904
128753499
58531161
113797844
28564706
131694
53435651
4486844
112335274
55234730
120439555
138903259
129690501
134508957
20982507
108346829
137133606
105618998
22934827
104428489
129567222
127559580
48060423
41890861
2412715
134314587
18020665
29434406
139068643
51687221
129096642
52210649
24959260
36886931
46447106
111623089
25379071
61898222
100684453
138709606
40792705
114381311
61362263
14716705
103809220
134564313
53243504
31708942
58566924
31328524
32339254
130562513
114550430
122246672
134693121
4915814
13722357
61843526
140886467
113190941
104045572
107614019
123749015
38752394
128993511
131335130
107525567
45770840
129452598
21129369
25862467
13366002
11927439
31436014
104541883
19225913
45887726
110948224
103670710
108714854
120386956
39474008
42250699
27142663
103460884
17167471
41368753
121271681
60317390
11399448
60876914
38714774
138038328
111964801
49897929
32060788
119833551
113034122
49134093
113687048
47199020
117879627
134163204
114139508
101922121
140618396
100397503
36103706
114026840
137572335
138899290
131856122
35347219
142056471
58804878
118524153
137255028
43686920
117034235
109103291
104088598
60067196
56442957
125837130
49252893
15892324
114876164
133933431
58334364
37963142
26934997
21737559
23666668
33881131
32259442
34712575
17591518
38361569
48367917
126997008
136012365
40359904
112662238
125258855
140506688
32326339
2437852
125185403
138249228
120923245
106107035
108863489
115906685
43989284
53893190
6336014
115483400
28152449
123490622
256431
46027472
107901767
132849059
134673675
39333605
122754578
61607522
112412131
128682156
136036200
15929866
16844515
63149078
123882806
10707918
118344228
25724410
136938627
35360386
59233329
119794827
39063641
56804403
108980873
23656726
52436117
141411680
116926283
47528105
18965908
119838957
141060983
43578461
51182488
6270956
39098036
57269349
1999096
117584378
53288297
124813508
13855554
27968846
117631619
14197263
54357473
61615982
37519193
47679077
124110596
103838770
137372640
31351747
127624767
116553650
3921637
106525472
142353876
139251889
33020032
54004679
15765682
106234361
13657512
36631343
141123068
137286459
117652766
126472824
64136561
102889477
108155660
35153476
14106885
119518581
102650143
36537956
56911827
46312028
20678571
18500341
26787490
38323778
16682611
126381807
106960781
140233313
29111285
120599965
136797243
61936652
50507236
26660587
169005
24082888
138481276
18514045
57384852
113909564
64105130
52324238
13145997
112075708
6475391
5272115
31097767
15303982
122824448
20501826
132230903
10348419
135809553
14085726
15097678
39214967
137595762
6407585
132044171
58490157
12513015
113853041
40496944
13036407
107023157
35215912
47891435
52800551
64469031
133848194
51484747
106577765
42955777
65106276
29244653
112812946
112071718
58991721
127918452
19258427
126102987
140945588
55138436
62561606
55528967
46685447
56970993
56251560
6406511
106307357
49735239
137880147
24737725
61718537
29294837
136509669
136343319
15212908
105374945
46472609
129109341
128130132
34599796
59655129
16685395
65083293
129837072
52219151
17652577
41842501
15964531
56428602
21350424
44197520
108547046
10823697
120336943
47083322
44592701
6053363
128721450
23088037
102769936
136377324
102094417
100498063
61275806
24216391
128648526
43865924
21605226
63736178
22514589
140503562
23014588
101490976
44555129
119463873
119505267
138703963
32158540
18035062
16358374
127144311
112707232
41475379
43140814
6391361
141779936
120902383
111963595
12257382
21309237
28292291
64318839
115577372
110250703
100555417
127168527
20389512
22221198
58489269
34153552
59953227
110794153
5189306
139652998
42082216
115739846
30214065
63789734
36213191
106934528
22327353
30890403
33455698
21484068
104841235
47559137
53910644
128787447
121202003
26900041
19841993
17987977
132210887
32352136
116213372
61723472
110731054
141279635
104479195
132417146
33245491
44648255
34088689
121956629
138275253
142007475
131904608
3271426
21147333
129944268
101680957
41263804
115031243
135347670
62120084
17551675
44483777
104558731
22686612
48631668
129941370
25795570
44937029
1945207
24236959
21696003
115969784
138902812
128794035
101524138
103257736
107746979
44933495
20056050
123164447
113922218
124595039
40920889
106508543
31284451
44228735
112383577
120471076
61452758
57777102
111392521
129383307
123232835
40035310
23902702
33791359
140483078
124404281
111157306
53773250
25119574
63379529
111518344
47522405
60865709
1907872
18408892
1273897
122221364
28979177
54099047
48655902
47954774
55842521
113694890
22099113
136069911
29917265
1187164
138954991
21478743
54245195
58517586
127647168
5603765
133057124
58762857
142018281
4750139
127319301
29825003
12014586
44374814
105315608
109935939
38336066
101982646
48467460
109649910
27216580
27802109
44009603
14705785
5103407
105833132
106204916
26650246
131331311
27415559
55643672
62970377
40209037
35970833
121477019
132541898
132424760
100865566
64768146
10994058
136108959
41417533
107902802
111839014
24340858
122132057
49651266
117520661
46519370
100260715
48620310
45499133
11841357
13977945
21946179
141942386
32363170
29397278
130503404
13311306
34897837
38967455
50005453
46011203
25795741
11525370
36347348
51487720
34458766
22018449
126629679
129020685
52403660
133593506
50226808
113696144
49235565
31009165
34593868
51739184
134663163
64402512
54581027
103869346
38895875
124118918
37438289
123848264
109973958
54251489
113640203
109608177
366030
118041921
38556290
30657582
13505790
134180133
39865403
103801411
22525566
100510510
110825197
135708480
22304154
40653841
133219028
40163881
58326930
11448627
137192772
109119218
61790927
57882873
17068450
36591260
135039003
119362173
33253837
64197722
108504020
64239150
134534583
32340313
136664616
29668961
113656016
131893847
30582420
119901540
30676164
50862961
29181941
13976700
140932121
58874337
138176232
108324380
133861019
5000054
56835093
47824721
104062273
24268456
29091599
13918209
130937426
53530625
126035691
41619394
119571135
120567898
138738586
17912257
46844282
113340623
112677034
124051817
137382354
126487620
130623743
19837181
124676570
112115278
110883802
14047536
27139267
120629992
115165286
119643342
35520386
41011798
129354441
130384583
50862505
32997229
21322518
130215077
19269632
137856687
14648796
122986796
118011108
109601802
129129795
126422070
22987813
2555854
29396660
46464890
141392060
48003081
132576710
138696907
64520970
136202916
25018273
106206683
32358007
105679988
126995127
49400865
129524976
12922356
64943787
47913800
114709109
61110599
3011587
53633636
36331934
13990428
6339596
43294132
115170791
136918401
32561383
47296502
19448864
2903578
57800508
56269425
117875637
36080951
135737973
108677669
14354160
62189225
42660676
113414540
63656309
15836398
29338568
29518607
101263612
43803899
47191040
37180133
59100759
38742053
61440764
106292549
100442521
106457255
100203772
41960104
44877899
5829062
142394811
15020647
121159721
27317801
65127594
56070014
117599972
26882464
15486736
47201108
3789877
58534287
18949330
124030328
61754675
28176170
51845990
62321270
27275005
24480415
22525737
23048536
102187372
107818388
56579175
17448412
117827562
114078962
57860310
127240188
35159917
13670451
13773861
127383669
140830355
59516208
63990944
21220200
23409916
118062213
133483565
3969118
103751368
108731954
37121252
104764549
1382821
10691352
27548129
38093258
4068407
12861753
133734947
100692286
12491448
61649702
39558209
38636216
43525076
35816351
17572993
61955690
13232169
108967934
40857925
108721043
135727803
58528335
50240440
45014690
63450515
30168030
115611356
1670389
2922958
100051753
12652905
127865625
100937545
102823423
31419541
34860934
11324526
132622346
141193724
52567490
118065795
16299823
5360957
129397866
132626507
126605235
59556336
112825861
37093106
10763160
127569864
30194778
62411537
128150586
54172940
127960485
140318987
142415742
64136732
18100477
23730268
118498515
113154461
47167523
5960915
108488723
109848969
111068683
57177942
129285189
4641860
131801027
123779201
13492065
45085394
103054897
44766884
56162253
27559334
10762695
124832546
136534221
141174116
26717518
113455229
101748523
101435857
24078019
64494192
142172364
13627155
45782207
40587106
63504587
6177008
61754447
39329021
116150090
37461701
29972954
116592287
141534689
30966958
106655468
138003363
30601071
130452173
32176885
38079530
44193530
44252822
35913491
32767747
116350355
44140544
47971646
5850746
101283667
101315917
126332697
106115495
123631835
125164313
112466305
116677580
139604638
133913529
31520809
13461432
19512863
140718224
112387339
102213124
58309830
140479805
49756956
32016874
58651443
118144704
30659463
11457381
26105737
126130095
45610202
101833612
58547772
34451080
137063337
5069024
102229108
114061658
52529072
137707083
32025514
129641106
23647288
51486058
100764607
116109815
121364750
140766584
31338808
22772946
125894700
104559976
12453828
121496285
40513258
135378474
42339355
115091996
120283318
22766481
2048794
54766757
38783597
14322492
56362575
121016810
110961790
37745255
123339893
45199325
42345877
103358296
32267218
141494948
136881468
17307610
27652655
1321603
51746513
109184849
122393996
3455170
121233035
59033235
104644609
42586165
56849139
45439787
130817144
10095384
136497435
103437604
18479197
55028609
35206417
13522890
103694584
61830839
55066628
138937093
63386516
132558518
110047042
27312548
110712415
56565015
132236660
14199942
130162478
55223582
123419819
33496633
53278355
114880178
18249259
41723236
63914735
129662025
36280076
2422087
58587273
31045873
129953193
112077817
118129143
52240037
141239963
17021188
42447244
116741522
6492833
133629062
51421249
36506981
102976447
3665947
17776678
20752626
37498205
141921809
121492295
129307326
115988195
51773156
24066823
17479615
40361638
10446651
136611288
123441056
10458816
39970946
507642
116422961
140441069
50329876
118806168
53167112
128029986
133264034
3797500
57521049
114277412
18980728
138679807
120798814
100893244
23523757
54241547
18107440
26782978
142287597
102327511
105058502
127768770
12409914
135024093
49742283
131908256
25658530
128619033
62263166
123035069
107278973
126366873
36063452
56316552
33259537
63561359
141551789
131518181
20921574
12299106
103750921
102466261
3927337
18676906
60198284
60289814
64019348
38669357
58937277
25783120
134789373
141119624
138093675
57559443
109400297
128583534
128604636
18704425
108895784
124127045
36898583
33382018
23581621
4984808
38056901
6510011
43970669
125936322
129395985
120519367
131828672
108934622
125322626
127308552
113343977
110534485
109328066
140842349
111256954
23894839
106903553
24085633
35576897
116705612
134299926
63299945
114673667
116865623
18246133
139170262
21628254
30995101
18942139
142242063
121566725
34832458
126122661
33384754
47950157
35482754
37165541
51716954
15208324
132607526
134958264
117661634
44819027
62810138
135643032
117334271
141301283
100451599
15096604
48386955
35765462
116452520
118867785
51524089
11052282
55304030
20167692
36545789
116363270
125581259
26375575
56174019
53624597
52355669
137998524
13964289
32130259
140398787
105332594
57052977
31849744
124268417
102761158
51199108
102907225
35000452
59100588
35483999
132049178
110836744
130933265
137061855
58629408
5047697
54216443
125402837
141934553
3303562
123198680
129775149
123311003
142007418
142282191
15542731
48959130
53023109
62141972
54883172
107075849
105174623
58243119
10737591
12626139
134112555
59392152
10388376
132818255
122363030
106579874
13466895
109788261
108034286
65222739
15425119
60290303
123757817
44001851
50665708
12551205
103288369
116939540
132666293
48986172
114121871
57371766
43410835
49099929
132487403
37931873
120969415
115433198
13975437
16266511
19371422
114571520
23986720
5371991
134114892
118484013
29614901
38115623
32226301
34421464
14661655
114218531
21172095
128369466
30020265
104574739
132673223
129343863
131334095
14735116
121576268
55611377
32588116
33158008
5838500
25141780
117000287
15922921
57696027
19950899
33394468
120680836
104002699
11428002
10716444
50783368
17642065
64151780
36500483
129897198
136920363
129913464
110024242
28260965
65284422
46341749
131860535
40026613
48509025
128702640
53428664
12898827
108702461
132989015
21606699
49016433
47222483
46785560
27584894
114475283
21999564
32763529
44801561
38702324
50365957
106765238
109389626
38383580
121348097
51739127
131353646
109050008
111716158
112382503
120958495
32740786
111609304
110644654
108328940
13137537
136584291
123215507
19560539
52235159
51031345
31388878
130512101
121186592
29165687
10695114
115336058
41944078
141275816
2428528
139898311
42392935
53356856
129240225
37072244
14202381
25662943
10289925
56038322
45739367
64827438
139065898
34224439
22713495
28836266
51210178
46155758
128330226
24940018
107177615
49940496
42928165
112072810
106453094
22160595
26633773
115144196
136807995
136469187
63266063
133055414
46729748
41995753
101657392
52464023
136964823
13144980
102500815
22361952
39420005
127276245
125923293
103234309
140376680
132755942
100468048
61174790
45429617
36141782
47838026
31446982
61704491
16195777
106555430
125613737
115485110
45733496
129328245
103220434
131395085
58716264
62302802
101709469
54414485
30207819
117008894
140834174
25337005
105237506
35324077
3454078
117394169
56941215
18594472
29526839
29780294
33567919
54267320
62114132
51351379
139197223
17201854
109843164
40995031
128456094
136903092
140490065
5002790
42042145
29498579
136286592
23196553
133569077
115034996
109355849
41320246
116448659
1101607
39731798
27926609
128216043
3959803
119360862
141812561
106303595
104622901
19578689
2386108
19010476
3716038
24197113
21100698
34179079
23490832
136047729
18885982
118611351
59472933
22640271
24400273
100183687
1960825
58855527
126934137
118925490
128788710
119334096
114414806
105693791
49382889
121976531
61962620
101996749
133502159
24348268
31290745
32682130
58691343
51647720
131553797
108661628
19052485
5469896
132353399
135288720
123042683
10583235
58049523
128849142
33905986
23867626
109206473
112384042
17562880
48433227
57987138
42033448
102616570
31524457
129629868
27142435
59200644
56531865
57766752
128290941
117152864
43836203
34775275
3592723
140249582
24430801
130640672
110691712
46054628
102965698
37283144
108898700
49601424
114395642
29373632
28121075
108807581
120456085
105026207
29488694
134545503
61444583
47234648
117394739
42627340
136098606
132494999
5559212
103193989
12605277
105834947
61015967
123561794
49006320
46572950
30218853
51897257
21919593
50258704
106290839
53667812
60986741
36232514
119030868
16551523
40517875
119377710
22288686
109870377
140238377
58245228
114750752
22014858
106972148
124893137
42793075
15019189
106552058
14573292
126655818
17599954
2462329
123422075
61900538
114885602
110651470
109130675
101640658
113689556
12354009
36834011
56129298
37695800
11164332
16797616
37126829
48110676
47535320
141885545
18286033
121940018
112416121
112101175
141828374
58009053
115782971
140359751
121380359
41542750
36692333
11700726
62863352
115271009
17593627
18877123
38684975
61500920
1675813
100233331
137334222
15098371
15056761
41628091
58070466
117047321
18020266
3035650
101081008
19638047
124659413
18035803
21060957
45404993
113875946
128066304
125736080
33006856
41397277
131833721
135729570
138022914
141374267
121154696
34710466
106633190
28708550
126636495
38660360
36126962
126119208
127574514
12901209
10238478
111028783
116922407
122531057
132985025
36438137
30010950
52850735
127788369
130321427
108351137
42500608
108622250
110763121
111015469
4813877
114900605
58440942
1162426
24596113
132010109
34792318
64523469
31872397
34125247
104597596
128486850
129520929
36598376
104665927
112842391
16403335
58153650
35111239
109381076
2351314
135093429
107341100
112293481
121454675
5720921
107386463
37057823
127349469
115393058
64567188
60749417
115803845
61601423
110404204
14265822
42270772
29491292
43093516
117835509
102434308
353514
1409053
139057666
14642868
60196916
24186535
63394577
13167780
113981156
39715904
115307135
28027859
18208171
3285586
35554505
51754745
121478510
122299202
56871972
16796200
54219797
61033190
4252574
15732142
59677140
110714353
108049880
57586827
34035721
39474464
33458443
48021996
31062745
108059195
32619388
48030294
112767187
21212349
134170020
23817841
1246228
100680235
36067043
119437677
22243950
100952194
2339449
4224497
104528944
32517070
58348695
20306967
35064397
130444112
44277104
44068940
31723534
46675334
62469188
102280294
44968688
21902688
50575042
52869521
107409674
29194001
47424857
46901294
121828172
110811607
59368008
2084248
123774176
105948992
64723011
55991726
140187659
16401055
42153787
128762937
117832212
22061517
121986074
131015477
59451444
23848417
25737649
123771620
139887505
28227401
142381953
17165761
44302676
14688217
24298813
29853689
105902537
110933884
104411032
116348051
56725266
45892661
47621027
121864253
48437274
125170892
112141018
110618629
131717201
10421571
137158914
133145966
18980785
114020513
29645591
36635162
119037603
50320480
106294088
26284786
17789593
56056895
49075542
128082996
18500740
132752969
101760598
103736719
33701674
19467218
634740
114686525
61904357
43734209
50362033
133785881
24083182
128255079
173019
58796463
35528537
39073583
51899138
20458974
140270069
16350736
40642465
123515372
124226636
53187167
100996825
50229040
138538264
19250846
38045126
10378206
32762740
24554560
103995979
133712213
132802613
121940075
28671959
31459840
104572288
128613561
109888698
5671514
52217213
64065599
124029668
139670392
102523843
50071321
11518725
50716483
59560179
26511724
37447784
45524249
105437258
117891150
106554566
58114197
114733253
29288942
35425583
55134047
141630755
21997455
50325088
106751135
49484085
135256425
16730185
29903504
135111861
25206715
137881410
39856364
38062454
14851807
103236019
2618167
5607983
58688118
43509410
111714049
113553005
65156859
4412198
32907943
14749675
120003481
52468412
49695783
12004416
141106766
47121581
25428250
40365286
126067131
15590635
122003648
119670156
114318968
55320494
49423266
49470324
126849846
110128897
138481447
55155992
34019866
38598242
42604540
51940907
15174592
32575429
111409210
107827085
16861045
16048282
58650579
39136295
128008896
60323228
140402033
100548829
140892989
33644206
127450470
20667936
113532770
55062296
140461370
46993829
15562558
62909306
112396264
4472513
125980407
113976848
127228740
63154982
33372361
127031568
27652484
51085177
44953112
112201231
127318893
3553498
33397213
105271193
136130994
50068951
16431640
26633944
32690761
47084909
21869112
35917880
38144945
20652798
105497231
17270449
33504649
105615815
632631
134255067
308109
28699442
140409377
47942153
20360214
141964112
17083270
47211449
44706701
123291146
50260039
43702769
40679596
103628659
1551142
100097524
104009491
64445937
43231033
15752995
24263050
123762125
137131725
121859774
55003529
40072066
32105782
110613622
56413407
54400952
16506574
130118906
39995285
11708307
37313171
133682243
23272774
54494456
123947684
54692498
49476423
134304816
116822579
59252367
12328098
23338402
136275558
41603125
53922695
120838726
141311396
12821283
136757913
5989643
134971773
15044311
37110845
44266925
62448896
42500665
46215914
134599962
129035652
137851680
20112198
139010251
126684969
58874964
27640433
22981771
32676559
37986911
21278421
121225031
139018402
126387393
20963754
64176632
50114359
5318924
134257746
2901298
122229572
61598072
4045892
35080081
33093244
59253231
105482435
54290714
44710145
124526615
48053892
58363458
19061581
28553159
31140676
110859715
110987089
126795090
32610505
47369783
55704845
64974210
138287418
41119891
100302109
44648483
4239407
59050392
101991172
129000003
101982247
46400699
50203894
120148672
46673681
20462589
118351614
12861582
55567280
131193053
135919551
54844289
63051743
52379333
57357240
49890471
2109568
29674058
12666039
18832198
33918445
62036600
105731936
3436360
139231264
111887944
104802979
126468411
102200095
24704413
136915656
115136933
1591612
11967168
138297987
36188969
109998468
117173954
13783575
53098829
41835343
129441411
120174640
1774834
20235453
50285347
36198131
48437844
45606398
27998006
40372444
139796146
129374838
116521754
47798912
120093736
29903732
13747608
21792279
101478901
56708793
15130417
110379868
40938430
125984682
52244483
28951313
13822014
31786006
105185030
138667243
60937346
60800957
104127037
116118341
55292918
17536228
133397231
44680118
29670638
142309164
49963866
134473581
56271387
45716966
54625385
110308309
20828082
21197916
35645921
48790890
6496253
107555525
57707871
140616629
50161816
24505393
27011176
35272570
129986448
42897121
28553387
60207107
64445538
114464249
133757576
123895721
461460
59188767
111122512
55776470
16165210
130804685
128167605
39031118
114412982
129817398
19307492
111430951
30192099
3258316
140209853
22194714
15189331
135249894
63353432
28178051
23749054
104445589
140017307
23209081
20988891
5573396
114013355
12931053
135249096
5091002
27068950
132676349
123643658
1736017
20743929
135381414
43696691
50778889
111382789
116364629
51470017
52210079
62499317
132172229
112619968
45161387
130918673
33358558
27262147
25338079
110869486
44710943
30960289
12361452
138445366
10353183
60654638
119969418
128919810
127049889
28615025
127916913
36170249
43877747
56793015
140461712
138868201
109782561
111944158
14319267
51940736
119266449
124369376
5491874
140644592
135887244
101421355
102422371
18704653
142294584
132659648
121979828
36964463
135360153
26283142
103568350
56909352
36643337
37789943
132022388
117909654
105718427
41422411
110977318
129335460
137388282
60745256
119343762
142242633
60134111
20514570
24714754
43660748
129316821
119751630
50969392
53255783
126564288
44182382
57077829
36465179
105425264
120086977
33962359
39168533
19170635
114136040
36575177
26367970
54400781
27151132
28049015
61583618
58293588
110547514
119894940
122573408
46156223
58013694
121299887
64642563
137607597
121351664
120610978
131975939
47633249
49961586
129719412
47762627
45649043
23953789
101454268
134656575
65163618
126161298
46176848
48853374
31531843
62234471
29405540
50240041
101511679
130127033
56886312
46367351
135785877
100861519
15280372
35435867
38355845
138865057
100574056
49201389
53165003
57618165
133474868
136298757
18019549
121026980
23062510
56842821
320601
17715289
100973683
121055447
100475890
128066361
16277299
54121265
4633400
47084339
110329285
19280861
117227399
135792408
61359893
17960959
16983892
45629939
24876817
103391650
21845676
138492880
125096951
58399743
117038282
54077111
119567520
141706382
5865371
31561630
42570124
42910015
116340014
137669280
122216486
17722675
15754876
29277167
42489823
60589850
127916115
60633947
44844587
126282273
48144054
22120467
12097701
25744864
50740513
115778501
30127893
5342612
127211037
1430908
135261132
5532080
2908603
138541432
37100390
20599149
123668966
131360063
116159885
13464387
36767096
19835471
58756335
111694210
38900936
137173164
113859710
35588510
139556722
114047360
111539434
118832934
54915080
134264904
17074915
131775218
21765237
4955315
125242244
106770344
57245760
58482324
40886848
141816551
61267061
120264394
42623350
12584973
57198690
5118260
25387816
107127830
111746743
118270938
103646053
104666221
135647820
118836582
38441000
58853475
36232343
24301822
107008394
25506922
60380285
121750892
18834877
113853212
11343165
118189269
33515056
128656188
48610578
100925722
43026460
127243332
43440223
113989706
42242296
120553567
39652451
26215963
11742906
141279008
17411110
6302237
127760562
1897120
132360386
121526027
50108806
131178803
111174406
138095385
130698437
52563272
121967492
35918897
118416492
5487404
119140695
136058991
117547280
64154849
28197602
23811571
4556144
10364103
58642746
60987188
46275299
138796450
47222882
127414902
29896790
29029112
111068056
128338662
24472810
38516732
142050543
54670505
102856393
129237285
61902875
27504467
52949504
136341267
40914937
38244260
443439
127905936
51004531
127351050
57261369
15180259
23452243
114069068
45199154
24870718
20657253
115605404
53665133
14083845
112212988
58281309
61224758
61721363
27624578
139714636
11862846
3311794
10618497
57476829
108191114
137760606
20856102
121024643
30859557
39972029
49818651
116218949
37920269
19158241
45725834
130247942
123646460
121577360
26274274
114686924
43112566
41018134
4944167
47588459
126332469
48038844
50780812
105012332
59436
47380556
37142171
126376929
15310570
54345251
123458930
120305341
125528876
126674457
133381799
131247809
130338104
137182431
126413145
58452138
119050770
14933785
34946218
38026943
128043732
20583108
40301170
19498877
6169004
127997388
139811719
26924884
124792007
45167258
17612449
22770609
5818655
122802170
122645273
115132373
107783981
18382879
31535491
45062594
38195252
116358506
27458432
109710993
30912157
3697045
42493039
120076465
128902962
41477659
117079598
64829547
61504511
54726857
28047761
107435072
117566660
37358249
55997882
41172046
35414549
26998732
27483935
39790679
10881504
5227337
135205149
116050319
4019468
125172545
118120299
116094665
4501049
119647104
132747710
110787394
104102926
29586413
25773958
121133777
57950235
129138891
111735766
104990668
131369687
100459579
131920520
115123049
124063469
17046097
108648119
568632
34769323
103898098
62200238
2348716
15508531
54332336
132027470
4860935
32080690
110950984
125718059
112716100
104053975
125255501
37325108
131846789
135505926
130407965
109986246
129319377
49523721
22354167
23625580
55620815
118547124
58385640
13087170
31723135
124510061
126101172
34348768
41644099
3410587
28579160
53139833
4406018
11163069
117991359
14281659
6066050
112561336
1145383
12149436
60003080
129402528
22078023
40553785
141622352
116715782
103262671
46877309
104328850
125826552
26715865
133288877
25630648
55778123
541044
115702145
20678115
27496280
31669819
128319225
19554017
27949808
49868664
12976986
43964375
16671235
11759070
634512
108038276
36502193
29324237
10908534
107264015
3258715
139716175
41535706
140285492
116839028
130188650
12661032
101793700
115198199
116204675
10954386
25483141
100299556
35033935
3731485
101266396
61260896
124700441
110796262
46655888
43255249
100065058
44110985
22447464
1996141
131115191
108444605
124638323
50706541
141531335
61628441
51470416
30507228
55172237
106759742
44194718
108591929
2507380
44271860
44445188
125873610
38328233
115263062
47682644
136457592
111013189
119127585
15443140
20991603
46668974
32763985
1133560
15389083
62096384
142249578
19678118
30851919
40965871
50216353
139745668
11337840
40900264
35819477
39654332
34727143
28646684
111314602
20638272
45552953
122135600
126387336
15279427
22270536
25122343
19037266
115711412
29520569
100743346
126885129
34283149
122379242
124247156
26601478
33299893
21791661
10345350
104308549
16334101
137751966
100586848
134414871
107363891
61995134
124219079
116879954
109379513
6444701
13610478
142191573
5338979
48884748
21554109
141083555
47654567
107063684
35818403
29598008
32833684
112010557
55396223
14656777
33005611
117340109
61665368
122354162
3311167
16324198
41250547
50365558
23344525
54275780
115575833
123783614
28397126
48201636
38114987
17356588
131750537
63553127
135311784
60783275
40945399
13519209
38578796
10482504
118984542
139261450
32417983
131773394
28538795
141166511
106346810
136948968
60891164
59711751
119482854
100234519
105611882
121305242
26766913
109276502
32417185
107604134
28722449
134768454
20961417
114370733
123698981
106533248
100638031
135174561
132565790
3434650
50884897
10038384
61376537
107295218
46615988
117424709
28415501
132822668
62380151
51305527
5803859
142153554
16685794
15276301
21578001
124166879
110269699
1884205
116396525
121256690
119486616
54944516
132189932
44003504
34273093
39042380
114938030
57629370
19227680
107010299
55162751
116483381
33357541
58235571
108698588
107964866
23787016
133302065
57585012
110900914
59683491
21244416
121847381
16647718
138090321
101662042
14366154
40636171
57783624
11073942
110274976
135986664
112626385
61024265
14698786
112356592
103457089
14667526
127219644
63503114
51419173
30972130
21364185
13401687
16936948
29748944
37743374
15397885
53844137
13379868
32144989
127060110
120636580
110853445
37262054
17283364
54639089
132833645
60648515
136114701
140458943
57943818
21282264
14305734
132030410
118710771
113094647
110616349
16515670
38250554
61164050
30411033
62622437
5250389
44763131
39799124
34290307
126307593
116590349
53961920
20769303
53006636
102968272
36362795
5417717
40492156
59533935
40100725
138821908
16073386
128624310
125504204
25417216
53403128
42631126
141452198
49100487
136464351
128517609
48517827
21683772
114764627
60910328
31246831
31958878
104308948
30912727
136889049
130143896
6264206
60023876
109216928
63344906
137578206
59520279
140321528
369327
117395432
100226515
48559665
51051799
63289262
38940893
31010053
110840986
121757000
24841852
116785013
120135586
51720569
110239930
22545810
44273912
100329583
17399860
11146938
134669262
126636837
142366506
64234467
30539523
137378340
32535586
136124871
137025147
111999424
10477056
111108766
48694995
119227413
140112509
113096129
138545422
42861007
57512979
60351704
103983985
36094484
102633271
123414470
5688020
140969822
21980778
105642857
10492218
130249082
47987288
100817833
120230788
53726534
22433133
35339215
13363827
11224698
108001316
1181293
22409616
22472796
64279050
130941896
13003380
127669920
118166868
54919013
106580306
124884269
13461831
132159746
49860627
60710861
20231406
140107859
129684987
24402781
140338604
23567476
56219811
126518094
131018051
23209651
57099612
21499662
105207377
48594900
140123543
19440029
29126651
28189979
60260345
30022773
45195392
11312703
47585504
140948903
51381793
100422676
55612811
28721261
139731337
61292108
22359420
103161370
133561895
30550524
53297564
104452576
114351182
57747372
100221889
138869047
32679361
138589540
39865004
29747300
42950542
109661928
118899681
15459124
32848252
20701179
54834746
42842083
17947678
130675466
16698082
42580009
106105154
45427337
136777569
59256585
45721673
134072415
23187229
48378951
133295807
36724070
117339449
16693399
113512469
4418696
104900356
52867640
26909836
5419484
142368216
34786081
56508471
16187146
6059291
31510354
13827819
124370207
116245610
54990197
100905478
129628452
54380867
122397758
61814261
138907078
130205933
119360292
117142181
138720265
37390796
128802678
57671175
16314085
117160469
30480882
28049642
104684965
45683870
117246779
51294139
28482842
105961475
61336238
21803838
45124004
130832591
31204024
13862712
27625670
45683015
33857842
112968943
23221669
30122202
13317633
60410084
110640835
122681924
122259131
28234598
110507044
105349841
1051240
134680833
61545656
29148188
28266836
41016082
15269542
46286618
35932244
35746652
26494840
116879327
19700336
32762170
58581174
13795569
27263011
39032210
19441520
118107588
34273207
125717270
22505112
60487286
132609065
114946034
123947627
2074705
141511889
59427528
65047383
45245987
16002454
132424931
130422329
113964227
43289425
101404654
10222665
39259550
23658607
4498439
108782432
103316629
107544947
11700156
30524955
60690377
30703788
113598995
136288245
58891608
109791201
46618733
65175897
137485308
43505021
31062346
12578052
6223499
135341172
1285111
104550352
18876088
63698318
45263381
35233288
107574791
50102935
50599657
46304822
125754539
25770604
22251783
31970743
131662721
119346888
15451714
27169453
106734035
56341029
56453706
115953572
124918856
34299988
133160159
6082286
10984971
6359042
52373633
28883723
136178874
64980960
110151511
35054056
11020158
48281037
22730538
131417450
37596989
43302547
16810738
129409320
49509918
118315134
33091534
23072224
3577960
42849997
49847118
119930406
138754270
40796353
139429852
129427209
117291728
37534184
39746594
14537553
110115430
124984382
49461057
10305450
50626330
50948473
102658750
111942619
35786723
61837232
3590671
34994749
2297257
108927293
26129401
55624235
108536069
105999641
56866467
116067452
111435559
49267461
116544383
1093420
118509561
44902634
29427875
52676966
34873051
103950217
23631475
124336007
28093157
56782266
58761042
115176890
61373012
111613774
141320207
50844598
117144062
23319820
39086441
32221219
24248230
55921697
11403321
26926537
110129533
56539446
32324857
44494127
64259376
108359117
54266285
17613541
126047058
58407987
20612499
110952694
35624432
135893196
109005287
58393245
104642728
102638278
33219238
127546437
127931904
102041659
39659909
112492102
127072161
100198255
133823627
108351764
139680277
23415298
19523042
116592686
135832149
34751401
129711831
23901496
21710199
126333162
40600684
128632770
20119503
1436494
637239
25737478
135517977
45585239
54684665
27950753
3632806
43916471
127019322
46903517
64801170
12804753
13826802
129832788
62082452
1620547
19056874
41746207
15225481
39528878
111168340
111332776
117689099
4041047
116658314
4979759
114314978
31231408
28251698
127333086
43215919
104721751
140086529
117917886
12976929
49898850
19876559
20130960
61969736
21965787
3805744
115558961
19620923
112839964
118524951
60884519
55801187
121077230
12455196
126778731
12769278
35435468
110634541
133598399
51103552
109397288
20758953
105001355
49035072
44359823
22540557
593508
106003787
134088456
35350045
138037140
51940793
105127109
108809234
100764094
130821785
111385135
100149259
64316787
119933988
27831488
109400696
44809712
43128379
111801874
135315546
61148537
34370575
581172
106994102
60241193
27508229
111111136
34573471
57243081
133978566
136140879
129090714
130154246
50886778
52110212
35093110
122666933
28216481
11050116
140883113
138210216
132208982
57780879
36197096
4288061
12120138
123088682
134400141
131058920
30280560
55693229
39460703
128150985
54017594
135906294
122968451
2165722
45518183
107635736
20714892
130171916
18345952
105095258
3382897
39802703
47184224
104480881
114294740
13785684
61432703
38654789
104530678
50748151
55974854
45896480
138506938
142281897
18586810
127508247
105493070
103926928
107266523
140129072
13277550
117719673
114355115
50756326
45120014
105552362
126100479
128104506
32461099
37945748
14352051
100466965
33381001
54531812
14698558
35314933
29611928
55866338
38917271
35274052
111520819
51154030
12750510
17197201
44789057
57998343
65115942
133565828
136067403
105130391
53857223
3235573
118043061
12215373
121131668
102319888
43561955
29860619
33781417
123122894
30651426
16633444
48449895
27431243
49012272
42985336
49440309
64199090
52106978
140008667
118630104
117589631
126949332
110262583
117741423
116725838
102225973
37503323
62094845
49683903
42361960
128051964
1732882
129330777
129751560
110526823
4059368
140627036
38973977
64627116
107397611
54710645
5101526
56585469
104380996
374661
117280979
35699981
115461275
61972961
42398407
118707318
3760978
46384850
136592694
105044000
65098032
124061987
41686678
61824374
121279433
13717878
100331887
42295282
117489347
3461293
132394733
38003117
13745955
138964078
12747342
33949249
14585856
36074030
30674454
135758265
59711580
31298554
15277945
136297512
4488725
49537083
59698002
138832372
32375791
15807247
141930392
24467134
128173956
27452561
15811489
48163206
114494492
137905809
48154965
19092727
54287375
140299709
38630573
32514838
56596275
34963717
23981239
3438811
10672143
63072035
129823140
39131003
54869996
40824670
4740425
63551873
113497295
63150992
26431513
119147202
49611138
103458124
109164452
28140683
123888506
115248014
134841321
55058282
141526457
28760639
136826577
28929563
29457491
124057118
33895405
136701630
35769680
115482137
23010598
130831898
62060897
48532818
27969710
108456257
102661120
14693551
24019537
105579380
111345634
48332781
32236243
125584802
21510618
128300667
35046223
101433748
3712846
49140159
64282998
25619476
23797585
56539218
53283860
137072490
24076138
133468346
30320472
49624680
54817646
139416196
25730704
1554268
42407116
1721278
109497914
119597859
2106271
101149201
38134091
51337822
57254001
33295219
132892754
105915053
141442427
62693996
37163204
17747356
47671268
21845448
23593444
38221631
42991288
34705588
125817855
112703470
18596923
34486843
35702135
46394564
54601910
16830811
48697911
121891295
28240340
112972786
40999420
109775118
119387424
53407517
121562108
23747914
115822655
19531844
115521260
15753232
46554986
1202338
17568352
16886980
28062752
64680981
45390422
21333723
139915480
119163438
112386151
16211815
134250801
57186411
56210397
16004392
46734626
47707964
119151273
25780147
57749424
24284140
113873837
6414743
55562369
58058220
51134983
36799562
58376715
21073473
40528453
100521298
136953846
34810921
48020922
17317153
41879461
44536376
39831227
108456086
34837141
55841087
47993030
39191186
139332508
35219161
5129789
635529
135292392
119762988
5193149
3930790
137714013
5090708
59426511
37783616
118051407
39546443
62350307
139919071
110370871
120208201
27677336
20927673
59309583
135535371
2007250
52639013
122040080
113126726
106871246
100689688
34112959
24050440
138402511
64627173
33420619
141938543
29633312
22748289
106947215
139564384
51923693
139274689
3102775
49887417
30718584
3119851
53457986
20686518
33704020
49444128
129136782
105769760
119227071
132156050
133833968
61336865
112721758
226017
45713270
16810396
45901712
61018142
32327203
44914856
42873856
45287939
130279610
18628090
51309574
33876424
122933600
117093116
63639893
16579387
29936417
51523072
102676297
135944085
113649428
12992670
34756237
139834975
59860956
121883405
23300635
17684644
11296095
56129697
109399568
28847414
121007144
121172603
111193273
12523584
136052892
42586336
64792062
106315589
137365881
57950691
33762094
52926704
49424301
128912448
112754899
35753411
104378635
137758701
112600231
48191511
60203516
19609124
132941363
137046864
135486135
128172141
15913654
22783125
139661068
48940914
104575660
115073423
116279996
14142339
126044730
129186966
39286991
38852450
137071797
125535407
131864126
1154422
116550278
117774393
1722712
49562586
56637051
49087536
121575080
27182335
34435339
116347757
134475405
140020931
62844941
29028875
59165397
139843444
37789772
103215328
124871600
55645724
122930456
112485514
136934067
132108869
42563194
10205736
115366871
115794566
2570218
125458379
133111010
136757115
130891244
45991853
113118380
141512525
58581573
43484740
22104801
24103210
14640189
20557197
21215550
12504546
103336360
129395757
109673979
10405659
21633360
20030847
134224833
140768807
58404006
56296296
60273032
35662052
17182861
136992900
12853122
47998436
112512967
58813974
118406322
11481240
129034389
119016570
57977424
29314751
27332621
34452496
48988623
55683971
6232766
127867506
46324649
14155881
24536596
33454453
60583751
22259706
125463827
41732503
35921894
129162123
135142266
17465512
138898768
11062794
35039635
127546209
14640987
50913052
35687702
127207080
5831993
5086352
107574734
56188977
11583387
5679551
122879942
3324025
138363696
111408175
127137324
132972908
109321520
54703886
56394642
137477133
3370219
101612200
26980240
56590575
111611095
51043168
48362340
127919298
17361637
126584133
2777332
17190238
140964968
133613021
24468949
133888265
61605242
32777689
110045332
19607414
19097410
2490805
24809533
54589634
61479947
32540806
105419141
111974116
119216607
24644029
121068191
105805055
30667239
115052732
102654361
30252825
117511565
31376884
13176021
52953917
24735046
45441710
17482213
32079118
107271002
142411581
122406866
29215901
18480256
43502048
139305580
54172541
4313519
21880512
50198548
42500437
135361569
46855430
19744682
128102055
11502912
100369825
28865588
36171740
132489341
64422168
140570048
14619816
59217150
107688950
3313618
103475851
133826030
41864209
62337824
60228425
33899224
41989060
5736164
17137285
22572453
45744245
129767544
27692327
23742889
121145999
124093028
137335467
134173374
131311637
37270685
14645214
130684106
2961442
38417312
111148495
45334496
59441901
55618910
64733580
46368197
56368218
60498662
42139432
54634253
60762584
16981954
12073638
5680211
136154031
102020968
142057659
55988786
28785719
135777018
11485800
116827661
103319830
17530357
33466447
119604288
35927708
101725552
24547972
114591917
141988556
41182159
56922405
48799887
126674286
103078333
20670591
63637784
15769615
124853693
34944793
140161562
42405007
6026321
24868414
35699126
10820115
121916387
42786658
42408988
36193619
10477626
25546651
103210150
5422025
41461447
50062681
112763539
132052745
112705750
129335403
136668036
130496405
20942892
141303392
117209852
63220007
47308166
139619605
13996926
43001380
107749724
118560861
107609597
64001825
3883093
4298117
116922236
101167774
45508013
136390662
18055459
126887067
137358666
138047652
1791763
101634592
124410575
120571702
100714423
23503531
35208127
110481886
34919803
41258128
64546497
13794324
48674940
123838550
109706751
55702964
101366281
104184094
39639512
32619787
138374274
109970433
44093018
12759393
35470304
43601696
3148546
11043927
27677108
134066520
27004588
62901383
119456886
24389203
110718913
65155044
48218142
126957564
3717301
52390391
112896793
58203846
107398628
15101323
32795881
125611229
13692786
49279056
113802392
35052973
131550671
1254859
137640381
139070947
127367034
117802881
13239132
63422894
140733842
142058352
101686429
44994884
104068372
103825627
34072819
119128620
51643160
132219332
116791136
19879190
48641400
114703694
44163515
131835260
127992951
56459292
63544886
117123941
40992856
3777256
113992532
124237613
114135347
14989897
38347841
41779519
30116859
120118258
48019464
17414692
102143824
16448698
104960101
52518665
111246442
126144198
127372311
134457897
15550792
127520340
49337502
14948923
109984764
46770365
22287042
126288315
120278269
139076419
58475394
108170081
16278163
48121824
20542020
121433186
25359739
12089679
137452224
63412553
52920092
130705664
100306783
43531769
38993651
34095049
142212219
110581771
6224192
40597618
116833955
18980956
121277381
139059718
104306269
38391584
118314669
44849042
21633531
31366714
128243085
33008167
139221322
142324383
104042599
114272729
23443147
120626410
101823100
56821731
14813446
54218723
19006633
60001313
115932482
45850880
20716944
101459920
48326031
131913533
15087166
141957980
57990363
43565546
132528389
102777769
133780799
142424211
120319045
28510532
18366415
52645592
39759851
138933217
114698519
49826085
30849216
106778780
113650544
20103120
62350706
136459017
130842875
63166577
6520580
125952786
31066564
50126200
134593008
112508383
131632535
36187724
25746745
41411833
141089825
129761844
1434157
121250534
121452737
108798644
12047898
27136711
112683328
40891327
129552825
116648201
5305268
134536065
32971360
44129372
42207022
3788803
3129907
16764703
124653941
126744954
5058446
65010480
124210253
124951241
55183043
21326166
34385713
61383980
120958666
110447287
21348120
49889355
55197944
13773234
123928874
122947361
47958194
139958449
126718359
129345573
20043933
139250074
135532968
110801380
56130528
136493844
14516064
15033334
29563043
5052974
28822562
21206283
6333668
36931322
141625649
34252744
2171674
120587914
110911150
106035056
134636121
141621887
136509498
54589862
36061970
40826380
5611199
50115850
32551840
46730408
112088680
64980390
54188183
133839896
129071733
129976734
112633315
53086835
46532024
65095287
26385289
101465416
101571823
35438840
31595788
15430282
41041129
14498886
128024751
133829156
48008886
49144149
138322551
125985699
113383079
29225615
36873446
128148624
42639961
40362103
53370032
45754757
113579729
43941746
14402019
128052201
24464959
44110187
121714754
57460275
130335188
43313752
44410109
56164305
58864224
112626556
140462558
10087950
2130130
117599174
26593861
50661718
36548990
56683017
64443429
31959514
32602102
26344771
20761323
12131343
32515531
27584267
32690704
25012345
4045493
23540458
17496544
117066530
60228026
40152619
123609059
127907475
30951610
110555518
125857185
62747231
12584346
29499215
44102183
140567849
139467643
35632607
112671106
4139978
142225362
22837117
55474154
128380638
38442416
57253992
27277342
35505509
5015420
47059634
35934752
116488559
39287000
23511934
45641063
42894775
111836269
46114271
11314242
26628496
128817246
64509513
18779575
26669203
35427407
116869043
109451744
24961507
130720655
53717495
133870172
115873760
120720976
108317336
136047558
109446695
27614693
50805790
12219591
121848569
117300095
31769704
4828274
134998335
55186739
29122490
23605678
129098352
111721663
3338983
133414970
3951253
116264420
462876
36795971
26839339
105817676
54384458
133817162
137795856
125421818
130351613
104244022
34539613
132791225
50423605
124424279
35547176
43138510
25132855
100686163
113671235
129888120
58341522
15638527
126231396
127348281
132641156
25099888
123243071
21624663
135801516
141254384
4012124
108299987
14542431
16310608
2386792
142014633
110886985
113084363
54245765
36035717
54383042
59379441
51020539
134238708
11566629
26401384
131045093
52719224
101970481
128531013
12956532
126170109
5111468
114458924
30020892
52913276
18315139
22618008
37029974
109538120
41901451
131437676
40243807
65014014
120207907
35105743
135756156
48555618
42768541
32046490
105124211
42354574
62408369
128015256
133503080
11919492
123974099
55029131
53077967
24953902
2716114
27152719
132658232
36656480
136009539
39451835
26923810
122744693
118359822
4086200
49800102
52288145
29818643
35889734
109354262
59486409
136693368
138292980
26448799
56396181
114114656
33822250
123157688
57823137
59745300
29814824
50469604
62572412
138928738
100437016
4476560
46960745
63006965
43158565
38997014
134827518
101208550
38748722
22694274
140249924
28051718
133575599
126497562
41267281
123778565
52630739
11898105
101845264
48373698
142240980
44986253
126113736
58745358
6386027
106157618
102475300
141911183
45111317
42436837
133441385
131917352
32119657
54940184
103686751
125039381
141134216
110522833
12346233
2271502
104154079
105151880
47247563
454872
16077718
10176801
19934663
22479930
53034371
45609143
15770902
42288637
1012927
117893601
47292740
27226408
51737018
39619268
23631019
15426610
140386565
102681517
118444341
141126440
55930394
128142924
36011102
34071232
136508025
104918677
50515867
64243962
25148098
102831484
2854798
62453147
119373321
50070856
112457266
19445510
28557548
47268482
64152797
58142445
43797365
5763776
108742931
46597460
25301974
14550492
140942861
112628608
103485109
109373072
101307571
50142094
32880343
105908465
6404402
141369389
52551050
136047387
23685877
16596658
106362
106932875
42757165
109780281
186960
29004602
137024130
23363791
113732693
20627865
13427061
17146951
114188732
125853708
10097208
119197443
19741100
29255402
112578241
112134658
129716097
122943143
65353086
123384614
132033992
58989399
2967142
134051952
123179813
103840276
130468784
63444620
16974739
121368341
53679635
42692344
21324285
62492600
28872347
25390813
57662079
39066596
58336815
63863276
124646726
19906985
17859862
63726692
114984851
134236257
128152467
105026093
19166450
56120016
108520256
34757101
137251494
58308738
17088676
104393455
3887824
141474722
140734859
36520100
38200712
3033142
6337658
130698893
50990278
100572118
135767532
127445193
119282190
119269023
47423042
128471484
10271262
34629196
106563605
13701609
133128695
38330537
100695202
62049839
41364364
11366706
13210803
125523014
104140147
47745755
119216493
115379102
4895558
45351995
58667085
52997009
111501667
48251079
25198300
53025845
119054304
46403045
1645285
124815446
61703798
116823443
124984154
64785873
58676181
101239126
132142898
39221954
129412299
108842399
128158509
105964220
49780473
6104081
15549448
130971455
41265913
129948486
2549731
49669986
111463864
117199100
335949
46640312
131154569
40749808
45576998
118945887
33259765
26894059
131626640
33949477
62018408
100688215
32848480
33405685
140632313
133958112
45986348
103610167
20522574
104814250
101969992
47893772
44994029
132706148
54546989
47688515
114489728
15376567
106124534
131333420
62164715
39223835
42222013
6461060
116282936
110086477
127281180
125656040
15775339
26036560
141254156
32166145
2193001
41609452
16577278
54388448
102708775
17630413
20170290
14296626
23369035
58884849
23877568
120112729
134116374
46973204
101359807
35453432
17464249
59978307
22861660
13975266
36486839
113445572
113429489
31485010
122314034
104473438
129909450
2625781
14185440
136250877
110055673
31970971
62784956
10872066
108916829
46511333
132506852
53976869
110005090
10531113
115330586
29062448
18749959
14385363
104993641
29592992
42096946
2069029
112036330
42673192
21866937
35712647
22760382
30615744
13395552
13709817
39818915
58806189
51229192
33659401
119309106
137907918
54827588
32911159
109826805
140087222
65186019
45542840
47690648
43121491
1211491
104256814
37239230
62957039
60619820
54822980
50078266
40167073
118112067
49510692
50936023
44562971
116612714
141020627
130289381
28302587
108083681
111375820
134342265
54936113
130196084
27933254
135036828
20195541
111070759
60723320
122298794
138127692
113077148
32557141
135805563
219885
127643976
106493906
21356352
44145779
39880280
31142956
13956684
26485174
34459402
15516592
139777963
46770707
54796145
139406881
36590396
29460830
126420930
26339494
125160152
13749945
34571362
52559030
65328951
108708731
64260834
110318878
33259936
23579299
60046049
47722328
107363663
28832618
117938178
62062778
135577722
102506116
111037423
14307216
24495040
130762607
27266935
118205592
17001133
128306994
47940614
129129396
119809635
47804078
32558956
135304569
13295667
39924752
32241520
122836499
54710873
120182815
28089941
126770922
62103155
12994950
119376618
2925703
41617627
3376717
129419832
102115747
34995613
14773192
61900994
129662823
3459331
51913124
136039725
51655325
102539029
100311433
131915414
132953186
47728427
49078896
14972041
23005111
10752753
32605684
57918942
130940081
15392650
13707309
60956726
39550457
113401853
131821100
3726379
17448241
28165193
124731074
19000990
22515624
18151753
33492073
15319909
40619641
121130252
43372633
101505955
41993644
122779658
14021211
106417583
115335440
129398502
15632656
107484011
101463307
62046770
61582202
12219705
62706239
42570922
26998903
21569133
55332659
3074629
142267143
121597187
62294198
35373643
121568891
124722776
126738432
30041526
136483902
24647800
115594814
117564950
49072398
133799756
35535923
135201786
111359794
127734195
6299456
15330397
128272578
41360374
37496951
47834036
11903451
122357858
135041364
109230332
24136180
132025133
108163094
113346152
137893632
130698836
110144581
117373079
115628090
59704137
19339901
51430573
31796347
40330492
108395084
42529507
125226788
49812324
57314538
137653410
62389547
128724918
57959688
131615036
31638673
18761026
104078656
140710814
33948802
118343610
115655816
1242694
13391106
52583897
105382949
128488332
119617944
123265349
18451105
128059716
43726205
24812530
54859085
3277525
125503796
29017898
62626655
61283696
60742301
20578059
122031725
16116043
130838006
113112851
1812067
114680027
39451664
10713699
138001083
141130283
2443918
37861775
124600955
119526186
29869520
133747862
13950984
27880085
117966084
32730046
121760549
1619089
49134891
116244119
24163963
14477796
30918256
30898041
118266183
101847145
12189507
138604543
129866109
33396178
132024668
52582253
52006940
105223232
14094024
65125485
127004754
18374419
62121899
54576149
63709136
48576195
62903264
37027637
3320605
136283010
123815351
121008788
117236666
140763800
35493503
107276807
58900317
64047083
25736290
2323864
62660228
108541346
21350082
60483809
128705196
50099527
40226536
116306612
141850523
39614831
127044882
17380846
30669975
108461135
48030864
2201473
43858937
140226155
15191065
4632935
140334842
25003477
49874787
32225665
131917124
60215567
39947951
140700701
2580559
110767510
134480511
117598100
38155922
41632219
57899550
29394323
103248469
16310665
26251018
23477380
141866963
33652837
63285443
35188099
137507730
57817641
111287929
57350847
109571091
138175539
116909354
107086484
127891023
16215235
12506484
109174109
137318196
139325977
15322792
4089383
133011182
63623282
112053202
35392624
59480367
36422153
101552272
52058492
47289971
120306985
117974829
45352460
40982515
130093073
117351371
52826819
36827081
34484791
64163546
32920426
59056605
54068243
12981465
32950612
13747836
119279535
141009056
10714335
52326347
136229763
49096404
16506346
35350843
5708087
64749963
112919719
58535322
3075550
108992468
130127660
14077323
3946774
40849750
133090859
24112687
39647174
31446754
103351351
128078754
131628350
56084573
122390642
13323129
45739139
135885591
20557368
110580679
129495243
125491733
42176758
21305874
104803615
141043256
57991779
136652850
52321340
38904527
135961356
19315895
54790616
141137969
117696633
137600652
25966114
1422904
132314192
121853846
105099818
60935408
111817687
30660351
118128678
50479375
27171358
111547609
102612580
111834388
103884109
107546486
55985831
16694491
16974967
53390486
23771431
3133978
115798727
122335124
39641246
23257726
138404221
54655913
52711016
29026196
106926524
105700334
138563539
124752392
17825629
34676425
127048644
140733671
14564538
118141959
135301671
48933357
17027458
42309796
52671560
136225545
52160282
118059615
4399874
50782522
134921931
24441988
22776936
317091
36297950
3638392
26100331
45746981
55147304
62674958
138770449
59814762
30142485
58828941
141068564
6308735
136622436
141089654
131242631
105104993
130904570
130538825
36381377
105198839
40536685
49771719
55731488
111060076
57149409
134796702
139391047
114245573
29138075
14104719
43259809
100900471
35964311
35145016
128040189
116480579
123869753
29892572
108556142
26137804
103044784
37266215
107618237
54969425
115407020
139231663
134891562
36375425
117909027
20948592
138372165
54057266
134741037
31524685
118404042
127280829
35516315
132190022
24049381
136246407
132252098
104864833
133839098
3264895
46289021
141765092
101467354
108253988
128026005
140722865
42832540
134080818
64284879
118920978
35549285
114691232
62579984
43386565
105900884
4993391
131808599
34194469
52392671
52157285
58480443
111676246
10591638
120862813
135937269
21571266
2522713
64297794
125667968
134327445
10587282
112460605
23224642
49174335
111050134
60278495
58156776
136958130
52153409
130013216
46990304
114328130
62677190
114059582
135170571
3657715
18575662
52677431
54594113
51963707
22413459
22926481
111397927
139625158
124435826
37407827
52354025
36314834
19345853
30256473
12868299
36263717
56852136
109554732
37639874
6441728
107625224
134053092
128844687
118714932
14541966
34363588
42793246
36128045
63971108
10827687
39651359
54260984
15731449
105664811
105343970
136287000
111089944
12952941
51291811
112537648
57939291
107461040
22268631
46586483
34570498
51341836
134771280
135930153
26799826
34015819
31115344
32384032
49387743
119231085
32488687
33538654
47142671
129406917
14041437
111521911
21506490
44149997
12473103
39770624
1474456
138954193
110801722
21500790
108175886
27766472
18917491
40777771
38988146
12612606
58653780
37924829
114508949
26412532
35581946
124090301
51354922
59401602
3191272
25618003
46854794
122126903
14634294
121967036
25729075
130268234
115955453
13678830
12360189
62741132
57907794
2356549
585903
105748271
19494089
56097260
140104163
134149857
18793720
27108064
37190474
112188889
116202737
126667698
14047992
104674225
116529107
125735729
14202153
38491241
17321395
19947521
109589355
19280462
111660205
41762899
25551301
48397362
17813065
11244543
107295845
57434649
60055943
54825479
62390663
2061619
120928879
140391842
15314902
115761083
121368113
30542121
64388982
114827966
31068274
110241094
33853852
127245441
118606416
133106531
113166455
105934205
125545577
49060518
12447933
3408454
135986094
135200142
106925888
107281343
38487779
49293600
17980234
38594480
112837456
33787972
59157165
18146647
10231590
42488788
120019864
34340788
34352800
106508942
57253935
129312831
12405354
46447790
110330743
51177400
36101825
41693266
47293928
128727321
59338848
45978914
115378466
113642540
60367517
130756541
1840942
110275213
14969215
25286173
123685895
20395236
41610910
58165245
119934054
133008356
52542581
57698136
138661315
115915724
123821816
6477443
43816187
117955677
113544365
126335613
49881774
54353255
54669674
35522609
132502691
109632606
132377291
28363178
29860448
64036277
17072635
64702320
34581076
22276293
24640837
16895050
42510379
60402422
113353310
123220271
134232096
139384858
20228295
141554363
25068286
25078969
127823445
3681631
105277235
21482757
132506225
58932441
6357161
115662803
49734450
140220455
105612899
22611120
123584195
108296861
131832287
3779593
133513364
135838248
128878692
53880275
58353516
130887002
130245605
135567210
5696081
63648932
103330033
127490541
60907958
112747702
107947538
3858502
62379605
111124222
60471017
135660702
108180365
138148155
124784402
50845861
59100189
130801502
34520086
112722850
22711728
62795306
64832715
20809671
20146773
3313048
42853003
47883203
44421542
135936081
133005800
26086744
65180718
120414076
126755931
130346108
12675363
14613375
104971858
38898050
55626116
21619785
122741111
4024973
110745157
133658726
109723452
105410696
46534133
131936504
131472512
46409942
5296388
63900632
119178861
62390834
25549948
119440845
48532077
57954225
53217935
26491468
52407080
53355611
11465955
24281908
28583744
42964018
137178399
133094849
22652835
10935918
137734467
11721246
122898581
59193075
61269170
55777658
113411339
54600875
128902392
25647154
103713976
4968401
53187338
44585771
111400765
119714229
109033763
102028948
131093339
111775267
25411972
63813491
29793950
116011340
100300684
109986417
62879735
111537952
137402211
110270188
41810035
142258617
111767206
105726659
31151824
20345850
52310933
27238687
22438368
104801962
104465491
132976955
63694385
51859808
16680502
41490598
108163037
19103146
27020443
60585233
107447693
130598000
107214401
129877314
138062871
116717207
3796636
190518
135429591
118639158
15575017
105104936
132911747
105688058
105503993
61640288
19347905
54721052
136018293
10374843
122512418
18986884
115929656
13388964
40939846
38468798
125953023
130266524
3378655
104097466
112617688
122997944
140547623
15915535
2950465
44372591
25101652
49239726
104266186
56253441
117817050
108807980
52392842
103214311
135894801
16241203
41291140
21150501
49818252
108809804
59509848
30342978
51792194
109750608
6475334
63108161
101592970
112618552
123593690
41512906
58731027
111724789
46079366
142298118
54307403
121646765
129438870
56027744
35835503
61710557
140598500
17811184
63222743
2217628
64315314
16409092
116523407
21622782
138005472
117257585
40882687
105706433
51395497
38787188
22002237
41898670
141286223
55913066
19375241
106406948
62162891
33828520
10131477
18870787
135575271
109101353
39464921
128699802
40616839
32826298
23228461
36555521
112403092
101278789
42107707
24211879
28011077
13787508
36181625
13133718
24568834
52903790
18127666
4584050
43761878
33781816
122252339
58365339
140441867
116521127
46406399
29812715
133044209
2055952
112658053
134979525
45561
116309909
416853
43922195
37285880
36572621
39267725
16086643
31031143
52058093
106103615
3974224
126451905
30754266
60958037
412008
41107042
100295908
135317427
45837941
132636848
124746041
41115046
50845804
104890801
136297170
42628528
12663312
53504087
131708162
26357800
12200919
26119669
112880980
114506498
5847179
19402409
110366401
5633951
134241933
103466185
137907
18784282
135852222
21246981
134576592
32214859
32380441
13363257
127042716
135723243
39628706
65237364
138961180
127990614
61809155
17906191
44534894
54131549
134989068
5791682
41544061
105683621
52379105
140349011
60243416
101273782
120812002
124060571
63109748
103052788
20775882
122981333
134272794
58425324
140675168
4419902
120857764
34225702
3581917
43648730
135496647
26127121
135444981
19699436
33939991
111326653
119777328
33821158
35385466
138468736
28180583
15305635
51813809
127872612
20629176
138251589
102784585
46793336
107664659
53422394
15507097
24241666
18455380
31430770
44933438
25298395
15105142
132959627
117782967
51001387
58138260
40093327
2760085
14146785
127428036
47902025
137759148
64824540
103600282
39056825
64355214
1694224
57800394
125706407
127707552
63665861
621654
108485978
131338655
129346989
107928728
118787973
129347055
130838234
123274844
38290283
42467698
11638095
51305755
139579180
6356069
17860351
50688964
118468158
136786209
133376540
110374861
122999483
19716776
115283459
27616916
114099881
29044730
63325982
18819088
59818353
20857119
4714856
117848652
40406632
12308613
112802035
103246987
124606085
18037570
116780387
127023906
126098334
140342846
25862638
134463810
123021194
37523777
29120153
117209225
59489211
13799559
138507460
62027162
118862322
108608276
37015415
134108142
12171813
51019879
37057652
41713750
103465510
2663914
31216075
140435345
131283947
114883550
64724028
32928007
123234146
17127343
49754448
45753341
101153272
42574342
36511403
13952238
109120790
114635819
27433523
32232253
2405386
19063063
64435083
116999438
63300047
118840767
22625052
36061742
60146561
37046048
132652133
11279964
113172578
64860450
106594637
125589239
20512062
30826017
22881829
30919120
61155353
114121415
1732255
124929662
2765110
142096371
62532170
118545642
22390818
113956223
102184399
108148217
2336722
56269254
55664363
19290917
55453862
2228206
63111500
116067851
119806110
62392544
43205692
129605823
140147189
61332875
134891106
60380684
102721486
53112872
55540832
16874131
11594934
103848256
117460448
103139791
51152320
51183124
11746326
125779277
107270936
44714705
38114759
36098816
126928470
126389217
3239164
52941353
12546384
30994693
63544259
109143590
57644532
2682553
122580224
4182818
109866591
60064811
33880267
24360931
41535307
43397713
59292666
141164231
123211175
64466229
49915506
23688622
139783288
15638983
36350117
117316478
63956117
135843753
45491153
21827502
46226720
55119854
138686680
40192975
120137695
18444517
30672345
126946758
104904346
2644933
59523252
5240846
62305529
127067454
21906849
23745064
18695944
16513333
44469650
35152402
54416993
11999064
63154583
53182160
134420538
40391653
133768154
39347936
10874175
57215517
32401315
101516533
41882230
32033746
133873697
38204702
20929725
136349646
18470941
119663397
103823974
42966754
36215813
141913406
14801623
141125519
53335367
2414425
57523557
57292020
40533730
105284450
39090455
103459768
57804555
37393370
46896518
57332901
63985097
123249113
61055069
6234476
27903695
43928807
128615670
11280225
43785143
14890120
12483444
11018253
45924512
101444554
37517027
46284965
38268647
20860344
106342022
137445864
59524269
38813339
24311992
124400861
139014412
130053173
134519193
137427120
138652675
122799731
108176750
100857904
115962611
129774303
29856035
26675383
16088923
18496468
2711488
115871423
103343899
109073663
291249
33759268
13505961
41693209
43791836
64306047
38854103
140646815
19267181
20055585
3353347
126235557
101471368
123622796
13264236
11109270
137080209
47399912
17152447
111554425
139499311
49552074
5854907
48733035
11624163
10888848
112604050
105294335
139115371
142125648
25324546
102474892
34146508
39092792
119271726
54862823
31153192
41059678
127878141
38881373
14590563
22118106
15319795
64869447
118260882
141343691
33276694
57757827
2910736
133380155
102096355
34938442
51288073
47004938
58603710
63161741
46877765
2652139
47241065
15917473
135378246
15695755
57392685
34064473
130299209
122485421
126651486
121667627
105488933
131978114
137935026
128407668
13346727
39954710
127063692
101414767
63055334
30830259
61662470
20625528
126672576
55200554
122774252
120353245
4338884
37570892
62109026
53863118
1164136
31579951
133373966
59959782
32086903
64927950
61106186
108015476
34617316
110543353
35944238
35415470
31947121
135134832
33576445
120059707
126888330
29713580
140945987
3239107
34517089
141402527
105003236
103247281
109022387
110321077
49995306
35014327
133658783
108534929
118295277
31205668
49139898
58722957
62861870
100640791
49054053
40923691
52474763
132101981
131167484
118992774
5031428
123806084
136696113
110216161
45470234
59132256
62457308
58192059
125820225
30361389
108870476
126477888
27720074
115537643
100775470
109325111
132058046
132096464
36213932
34132063
104182726
14659921
112824199
112029571
1111549
5943074
64515237
22586157
128702811
21210468
34178632
25786873
133867916
25157536
105262268
1197847
4210565
38937269
6074624
101786713
134450724
31661098
26703415
58064172
44754434
48245184
64640682
38492429
5069081
47171936
107098478
117346094
25632757
133747292
136440858
26694934
114963533
5763947
5369231
125563712
40965016
46143536
124486532
21120942
110864023
109212596
107062610
38768948
37848266
19325000
111866056
63509042
10142625
2173783
120660040
43673207
1569064
102030700
64696338
18633310
11945631
13171338
104708242
28535840
61720898
13572675
54893456
104982265
17842159
119408184
106605455
130241045
17121244
123450950
18653707
120400714
30289386
101376337
124979618
64098530
128680218
46466714
140707076
61016603
25582162
139015258
5787212
103954435
139598560
114644345
22820098
33534265
64058801
11229381
36136049
50625238
108866405
51684077
136410120
102110170
36219062
108275372
45847655
41283289
17939047
134437215
21394371
64866150
129491253
29201000
21021180
50202820
140943878
3387352
44395163
104998078
126526896
30655074
53460185
127344690
60514301
11953293
45895559
33131047
118694847
49157634
30055458
58967235
131024516
54994529
112523317
18797311
6409808
130306265
120240121
27715139
59610051
61643261
13416654
25277077
100605
43466377
2146741
58306059
46135931
59010207
11436462
127996143
113932559
29429927
18905440
37454543
100639219
48578874
141718547
112840054
102901354
51292486
109326356
46946999
122187152
29943290
56489421
141461237
43623023
63086537
131739593
45919406
137882256
4618010
132598646
22732248
117386507
130130600
105098060
35835161
12496131
2511508
32840272
126761826
6224591
49776801
6135455
15349525
130031789
33473890
46101356
141549428
1403524
101878519
111311287
34235644
51168304
102139411
5193719
11109840
42304732
128543064
27085822
30324405
24011956
39778433
135391755
55546760
122317958
47931176
10258551
124672580
52987124
58739634
127204677
129195606
110507614
36537158
119466999
26748949
133392377
3693055
22717485
125214908
26080246
63346445
117086129
44878934
61066616
130496234
141826607
28505027
45069500
130791359
47442251
42906001
14014281
22136679
55163198
19181270
50721190
102299080
21251403
15100858
115844210
33006457
104121736
64357551
18723064
29375912
30253899
63150536
3444136
21575427
115191881
64190759
55653785
5337164
121051628
27139495
113487980
49162512
106166372
142094433
125083808
4320107
23184901
49249839
43465702
45713441
17278258
